[
    <x - 13, 2>,
    <x - 11, 2>,
    <x - 9, 10>,
    <x - 8, 1>,
    <x - 7, 2>,
    <x + 5, 32>
]
Computing interlacing char polys...
Time taken to compute interlacing char polys: 0.250 seconds

Number of interlacing polynomials: 17

Matrix A corresponding to interlacing polynomials:
[     1    -43    718  -5802  22577 -33579]
[     1    -43    718  -5802  22577 -33547]
[     1    -43    718  -5802  22593 -33691]
[     1    -43    718  -5802  22609 -33803]
[     1    -43    718  -5794  22417 -32787]
[     1    -43    718  -5794  22433 -32931]
[     1    -43    718  -5794  22449 -33075]
[     1    -43    718  -5794  22449 -33043]
[     1    -43    718  -5794  22465 -33187]
[     1    -43    718  -5786  22273 -32139]
[     1    -43    718  -5786  22289 -32283]
[     1    -43    718  -5786  22305 -32427]
[     1    -43    718  -5786  22305 -32395]
[     1    -43    718  -5786  22321 -32571]
[     1    -43    718  -5778  22145 -31635]
[     1    -43    718  -5778  22161 -31779]
[     1    -43    718  -5770  22001 -30987]

Show that f =  [ 1, -43, 718, -5802, 22609, -33803 ]
 is warranted

Certificate of warranty c:
c =  (-1368582672           0           0     -369129      -41014       -4558)
Ac >= 0:  true
Ac =  (183790  37934  38062 183062 183190 183318  37462  37590 182462 182590 182718  36862 182846 181990 182118 
181390)
<g,c> < 0:  true
<g,c> =  -1210242
--- get polys Seidel-compatible with f ---
1 / 17
not Seidel-compatible

2 / 17
Seidel-compatible!
is Seidel-compatible!

3 / 17
not Seidel-compatible

4 / 17
Seidel-compatible, (self-compatibility)
is Seidel-compatible!

5 / 17
not Seidel-compatible

6 / 17
Seidel-compatible!
is Seidel-compatible!

7 / 17
not Seidel-compatible

8 / 17
not Seidel-compatible

9 / 17
Seidel-compatible!
is Seidel-compatible!

10 / 17
Seidel-compatible!
is Seidel-compatible!

11 / 17
not Seidel-compatible

12 / 17
not Seidel-compatible

13 / 17
Seidel-compatible!
is Seidel-compatible!

14 / 17
not Seidel-compatible

15 / 17
not Seidel-compatible

16 / 17
Seidel-compatible!
is Seidel-compatible!

17 / 17
Seidel-compatible!
is Seidel-compatible!

Polynomials Seidel-compatible with the warranted poly:
1 [
    <x - 13, 1>,
    <x - 11, 1>,
    <x - 9, 9>,
    <x - 7, 1>,
    <x + 5, 31>,
    <x^5 - 43*x^4 + 718*x^3 - 5802*x^2 + 22577*x - 33547, 1>
]
2 [
    <x - 13, 1>,
    <x - 11, 2>,
    <x - 9, 9>,
    <x - 7, 2>,
    <x + 5, 31>,
    <x^3 - 25*x^2 + 191*x - 439, 1>
]
3 [
    <x - 13, 1>,
    <x - 11, 1>,
    <x - 9, 10>,
    <x - 7, 1>,
    <x + 5, 31>,
    <x^4 - 34*x^3 + 412*x^2 - 2086*x + 3659, 1>
]
4 [
    <x - 13, 1>,
    <x - 11, 2>,
    <x - 9, 9>,
    <x - 7, 2>,
    <x + 5, 31>,
    <x^3 - 25*x^2 + 191*x - 431, 1>
]
5 [
    <x - 13, 1>,
    <x - 11, 1>,
    <x - 9, 10>,
    <x - 7, 1>,
    <x + 5, 31>,
    <x^4 - 34*x^3 + 412*x^2 - 2078*x + 3571, 1>
]
6 [
    <x - 13, 1>,
    <x - 11, 2>,
    <x - 9, 9>,
    <x - 7, 1>,
    <x + 5, 31>,
    <x^2 - 20*x + 95, 1>,
    <x^2 - 12*x + 31, 1>
]
7 [
    <x - 13, 1>,
    <x - 11, 2>,
    <x - 9, 10>,
    <x - 7, 1>,
    <x + 5, 31>,
    <x^3 - 23*x^2 + 159*x - 321, 1>
]
8 [
    <x - 13, 1>,
    <x - 11, 2>,
    <x - 9, 10>,
    <x - 7, 1>,
    <x + 5, 31>,
    <x^3 - 23*x^2 + 159*x - 313, 1>
]
--- list interlacing configurations ---
 there are 193 interlacing configurations
[
    (11 26  2  0  3  7  0  0),
    (13 27  2  0  1  3  0  3),
    (13 25  2  0  1  7  0  1),
    (16 25  0  1  0  3  1  3),
    (16 25  0  0  0  4  2  2),
    (16 25  0  2  0  2  0  4),
    ( 9 29  1  1  6  2  0  1),
    ( 9 29  1  0  6  3  1  0),
    (16 27  0  0  0  0  2  4),
    (14 25  0  2  2  4  0  2),
    (14 25  0  1  2  5  1  1),
    (14 25  0  0  2  6  2  0),
    (15 23  1  1  0  8  0  1),
    (15 23  1  0  0  9  1  0),
    (11 27  1  1  4  4  0  1),
    (11 27  1  0  4  5  1  0),
    (11 26  1  1  4  6  0  0),
    ( 6 31  2  0  8  2  0  0),
    (11 29  2  0  3  1  0  3),
    (14 24  2  0  0  8  0  1),
    (10 29  1  1  5  1  0  2),
    (10 29  1  0  5  2  1  1),
    (15 23  0  1  1  8  1  0),
    (15 23  0  2  1  7  0  1),
    ( 8 31  2  0  6  0  0  2),
    ( 7 31  2  0  7  1  0  1),
    (13 24  1  1  2  8  0  0),
    ( 7 31  1  1  8  0  0  1),
    ( 7 31  1  0  8  1  1  0),
    ( 7 31  0  1  9  0  1  0),
    (10 28  0  2  6  2  0  1),
    (10 28  0  1  6  3  1  0),
    (15 26  0  1  1  2  1  3),
    (15 26  0  0  1  3  2  2),
    (15 26  0  2  1  1  0  4),
    (11 26  0  2  5  5  0  0),
    (15 25  0  2  1  3  0  3),
    (15 25  0  1  1  4  1  2),
    (15 25  0  0  1  5  2  1),
    (12 29  1  0  3  0  1  3),
    (14 27  1  1  1  1  0  4),
    (14 27  1  0  1  2  1  3),
    (12 26  1  1  3  5  0  1),
    (12 26  1  0  3  6  1  0),
    (13 28  0  1  3  0  1  3),
    (13 28  0  0  3  1  2  2),
    (13 28  1  1  2  0  0  4),
    (13 28  1  0  2  1  1  3),
    (14 28  2  0  0  0  0  5),
    (13 28  2  0  1  1  0  4),
    (15 27  1  1  0  0  0  5),
    (15 27  1  0  0  1  1  4),
    ( 4 33  2  0 10  0  0  0),
    ( 8 31  0  0  8  0  2  0),
    (11 29  0  1  5  0  1  2),
    (11 29  0  0  5  1  2  1),
    (10 29  0  2  6  0  0  2),
    (10 29  0  1  6  1  1  1),
    (10 29  0  0  6  2  2  0),
    (15 27  0  1  1  0  1  4),
    (15 27  0  0  1  1  2  3),
    (15 22  0  2  1  9  0  0),
    (14 27  2  0  0  2  0  4),
    ( 8 29  2  0  6  4  0  0),
    (12 25  1  1  3  7  0  0),
    (16 22  0  2  0  8  0  1),
    (16 22  0  1  0  9  1  0),
    ( 9 30  0  1  7  0  1  1),
    ( 9 30  0  0  7  1  2  0),
    (11 28  1  1  4  2  0  2),
    (11 28  1  0  4  3  1  1),
    ( 8 30  1  1  7  1  0  1),
    ( 8 30  1  0  7  2  1  0),
    (15 26  1  1  0  2  0  4),
    (15 26  1  0  0  3  1  3),
    (15 24  1  1  0  6  0  2),
    (15 24  1  0  0  7  1  1),
    (11 27  0  1  5  4  1  0),
    (11 27  0  2  5  3  0  1),
    ( 9 29  0  1  7  2  1  0),
    ( 9 29  0  2  7  1  0  1),
    (14 23  2  0  0 10  0  0),
    (13 25  1  1  2  6  0  1),
    (13 25  1  0  2  7  1  0),
    (10 28  2  0  4  4  0  1),
    ( 5 32  1  1 10  0  0  0),
    (15 25  1  1  0  4  0  3),
    (15 25  1  0  0  5  1  2),
    ( 8 29  0  2  8  2  0  0),
    (14 24  0  2  2  6  0  1),
    (14 24  0  1  2  7  1  0),
    ( 9 28  1  1  6  4  0  0),
    (11 29  1  1  4  0  0  3),
    (11 29  1  0  4  1  1  2),
    (12 29  2  0  2  0  0  4),
    ( 7 30  2  0  7  3  0  0),
    (12 28  0  1  4  1  1  2),
    (12 28  0  0  4  2  2  1),
    (12 28  0  2  4  0  0  3),
    ( 8 30  2  0  6  2  0  1),
    ( 6 32  2  0  8  0  0  1),
    (13 27  0  2  3  1  0  3),
    (13 27  0  1  3  2  1  2),
    (13 27  0  0  3  3  2  1),
    (13 24  2  0  1  9  0  0),
    (10 27  0  2  6  4  0  0),
    ( 6 31  0  2 10  0  0  0),
    (12 28  1  1  3  1  0  3),
    (12 28  1  0  3  2  1  2),
    (12 29  0  0  4  0  2  2),
    (12 27  1  1  3  3  0  2),
    (12 27  1  0  3  4  1  1),
    (15 22  1  1  0 10  0  0),
    (13 26  2  0  1  5  0  2),
    (10 28  1  1  5  3  0  1),
    (10 28  1  0  5  4  1  0),
    (10 30  0  0  6  0  2  1),
    (12 27  0  2  4  2  0  2),
    (12 27  0  1  4  3  1  1),
    (12 27  0  0  4  4  2  0),
    (12 25  2  0  2  8  0  0),
    ( 7 30  1  1  8  2  0  0),
    (14 23  1  1  1  9  0  0),
    (12 26  2  0  2  6  0  1),
    (10 30  1  0  5  0  1  2),
    (16 26  0  2  0  0  0  5),
    (16 26  0  1  0  1  1  4),
    (16 26  0  0  0  2  2  3),
    (14 28  1  0  1  0  1  4),
    (11 27  2  0  3  5  0  1),
    (10 30  2  0  4  0  0  3),
    (13 24  0  2  3  7  0  0),
    (10 27  2  0  4  6  0  0),
    ( 6 32  1  0  9  0  1  0),
    (14 25  1  1  1  5  0  2),
    (14 25  1  0  1  6  1  1),
    (15 24  0  2  1  5  0  2),
    (15 24  0  1  1  6  1  1),
    (15 24  0  0  1  7  2  0),
    (10 27  1  1  5  5  0  0),
    (12 26  0  2  4  4  0  1),
    (12 26  0  1  4  5  1  0),
    ( 9 28  0  2  7  3  0  0),
    ( 9 30  2  0  5  1  0  2),
    (13 27  1  1  2  2  0  3),
    (13 27  1  0  2  3  1  2),
    ( 8 29  1  1  7  3  0  0),
    ( 7 30  0  2  9  1  0  0),
    (14 24  1  1  1  7  0  1),
    (14 24  1  0  1  8  1  0),
    ( 9 30  1  1  6  0  0  2),
    ( 9 30  1  0  6  1  1  1),
    (14 27  0  1  2  1  1  3),
    (14 27  0  0  2  2  2  2),
    (14 27  0  2  2  0  0  4),
    (16 24  0  1  0  5  1  2),
    (16 24  0  0  0  6  2  1),
    (16 24  0  2  0  4  0  3),
    (10 29  2  0  4  2  0  2),
    ( 6 31  1  1  9  1  0  0),
    (13 26  0  2  3  3  0  2),
    (13 26  0  1  3  4  1  1),
    (13 26  0  0  3  5  2  0),
    (12 25  0  2  4  6  0  0),
    ( 8 31  1  0  7  0  1  1),
    (13 25  0  1  3  6  1  0),
    (13 25  0  2  3  5  0  1),
    ( 9 29  2  0  5  3  0  1),
    (14 28  0  0  2  0  2  3),
    (14 26  0  1  2  3  1  2),
    (14 26  0  0  2  4  2  1),
    (14 26  0  2  2  2  0  3),
    ( 5 32  2  0  9  1  0  0),
    (14 23  0  2  2  8  0  0),
    (12 28  2  0  2  2  0  3),
    (16 23  0  2  0  6  0  2),
    (16 23  0  1  0  7  1  1),
    (16 23  0  0  0  8  2  0),
    (11 28  0  2  5  1  0  2),
    (11 28  0  1  5  2  1  1),
    (11 28  0  0  5  3  2  0),
    (14 25  2  0  0  6  0  2),
    (14 26  1  1  1  3  0  3),
    (14 26  1  0  1  4  1  2),
    ( 8 30  0  2  8  0  0  1),
    ( 8 30  0  1  8  1  1  0),
    (13 26  1  1  2  4  0  2),
    (13 26  1  0  2  5  1  1),
    ( 9 28  2  0  5  5  0  0),
    (12 27  2  0  2  4  0  2),
    (16 21  0  2  0 10  0  0),
    (14 26  2  0  0  4  0  3),
    (11 28  2  0  3  3  0  2)
]
There are 193 interlacing configurations
Each interlacing configuration (m1,...,m8) has m2+m4+m6+m7+m8 = 33