Checking polynomial:
[
    <x - 11, 1>,
    <x - 9, 14>,
    <x + 5, 32>,
    <x^2 - 23*x + 116, 1>
]
Computing its interlacing char polys...
Time taken to compute interlacing char polys: 0.210 seconds

Matrix A corresponding to interlacing polynomials:
[    1   -38   508 -2818  5419]
[    1   -38   508 -2810  5283]
[    1   -38   508 -2810  5299]
[    1   -38   508 -2810  5315]
[    1   -38   508 -2810  5331]
[    1   -38   508 -2810  5347]
[    1   -38   508 -2810  5363]
[    1   -38   508 -2802  5211]
[    1   -38   508 -2802  5227]
[    1   -38   508 -2802  5243]
[    1   -38   508 -2802  5259]
[    1   -38   508 -2802  5275]
[    1   -38   508 -2802  5291]
[    1   -38   508 -2794  5139]
[    1   -38   508 -2794  5155]
[    1   -38   508 -2794  5171]
[    1   -38   508 -2794  5187]
[    1   -38   508 -2794  5203]
[    1   -38   508 -2786  5067]
[    1   -38   508 -2786  5083]
[    1   -38   508 -2786  5099]
[    1   -38   508 -2786  5115]
[    1   -38   508 -2778  4995]
[    1   -38   508 -2778  5011]
[    1   -38   508 -2778  5027]
[    1   -38   508 -2770  4923]
[    1   -38   508 -2770  4939]
[    1   -38   508 -2762  4851]

Show that f 0  =  [ 1, -38, 508, -2810, 5363 ]
 is warranted

Certificate of warranty c:
c =  (-28491688         0         0    -13311     -1663)
Ac >= 0:  true
Ac =  (6913 126593 99985 73377 46769 20161 139841 113233 86625 60017 33409 6801 153089 126481 99873 73265 46657 
    166337 139729 113121 86513 179585 152977 126369 192833 166225 206081)
<g,c> < 0:  true
<g,c> =  -90687

Show that f 1  =  [ 1, -38, 508, -2802, 5291 ]
 is warranted

Certificate of warranty c:
c =  (-71206868         0         0    -31318     -3131)
Ac >= 0:  true
Ac =  (80367 255639 205543 155447 105351 55255 5159 230527 180431 130335 80239 30143 205415 155319 105223 55127 5031 
    180303 130207 80111 30015 155191 105095 54999 130079 79983 104967)
<g,c> < 0:  true
<g,c> =  -174113
--- checking for compatibility of f0 and f1 ---
polys are not Seidel-compatible

Checking polynomial:
[
    <x - 9, 14>,
    <x + 5, 32>,
    <x^3 - 34*x^2 + 369*x - 1264, 1>
]
Computing its interlacing char polys...
Time taken to compute interlacing char polys: 0.200 seconds

Matrix A corresponding to interlacing polynomials:
[    1   -38   508 -2802  5307]
[    1   -38   508 -2802  5323]
[    1   -38   508 -2802  5339]
[    1   -38   508 -2794  5187]
[    1   -38   508 -2794  5203]
[    1   -38   508 -2794  5219]
[    1   -38   508 -2794  5235]
[    1   -38   508 -2794  5251]
[    1   -38   508 -2794  5267]
[    1   -38   508 -2786  5067]
[    1   -38   508 -2786  5083]
[    1   -38   508 -2786  5099]
[    1   -38   508 -2786  5115]
[    1   -38   508 -2786  5131]
[    1   -38   508 -2786  5147]
[    1   -38   508 -2786  5163]
[    1   -38   508 -2786  5179]
[    1   -38   508 -2778  4995]
[    1   -38   508 -2778  5011]
[    1   -38   508 -2778  5027]
[    1   -38   508 -2778  5043]
[    1   -38   508 -2778  5059]
[    1   -38   508 -2778  5075]
[    1   -38   508 -2770  4923]
[    1   -38   508 -2770  4939]
[    1   -38   508 -2770  4955]
[    1   -38   508 -2770  4971]
[    1   -38   508 -2770  4987]
[    1   -38   508 -2762  4851]
[    1   -38   508 -2762  4867]
[    1   -38   508 -2762  4883]
[    1   -38   508 -2762  4899]
[    1   -38   508 -2754  4779]
[    1   -38   508 -2754  4795]
[    1   -38   508 -2746  4707]

Show that f 0  =  [ 1, -38, 508, -2802, 5339 ]
 is warranted

Certificate of warranty c:
c =  (-31466028         0         0    -15413     -2201)
Ac >= 0:  true
Ac =  (40491 5275 181307 146091 110875 75659 40443 5227 322123 286907 251691 216475 181259 146043 110827 75611 357291
    322075 286859 251643 216427 181211 392459 357243 322027 286811 251595 427627 392411 357195 321979 462795 427579 
    497963)
<g,c> < 0:  true
<g,c> =  -165893

Show that f 1  =  [ 1, -38, 508, -2794, 5267 ]
 is warranted

Certificate of warranty c:
c =  (-32393128         0         0    -14283     -1428)
Ac >= 0:  true
Ac =  (49442 26594 3746 106538 83690 60842 37994 15146 163634 140786 117938 95090 72242 49394 26546 3698 152186 
    129338 106490 83642 60794 37946 140738 117890 95042 72194 49346 129290 106442 83594 60746 117842 94994 106394)
<g,c> < 0:  true
<g,c> =  -240022
--- checking for compatibility of f0 and f1 ---
polys are not Seidel-compatible

Checking polynomial:
[
    <x - 9, 12>,
    <x + 5, 32>,
    <x^2 - 20*x + 95, 1>,
    <x^3 - 32*x^2 + 327*x - 1068, 1>
]
Computing its interlacing char polys...
Time taken to compute interlacing char polys: 18.720 seconds

Matrix A corresponding to interlacing polynomials:
[      1     -56    1273  -15016   96739 -321600  428355]
[      1     -56    1273  -15016   96755 -321952  430163]
[      1     -56    1273  -15016   96755 -321920  429875]
[      1     -56    1273  -15016   96771 -322240  431395]
[      1     -56    1273  -15008   96491 -319144  420507]
[      1     -56    1273  -15008   96507 -319496  422315]
[      1     -56    1273  -15008   96507 -319464  422027]
[      1     -56    1273  -15008   96507 -319464  422091]
[      1     -56    1273  -15008   96507 -319432  421803]
[      1     -56    1273  -15008   96507 -319400  421515]
[      1     -56    1273  -15008   96523 -319816  423835]
[      1     -56    1273  -15008   96523 -319784  423547]
[      1     -56    1273  -15008   96523 -319752  423323]
[      1     -56    1273  -15008   96523 -319720  423035]
[      1     -56    1273  -15008   96539 -320072  424843]
[      1     -56    1273  -15008   96539 -320040  424555]
[      1     -56    1273  -15008   96555 -320360  426075]
[      1     -56    1273  -15000   96243 -316720  412947]
[      1     -56    1273  -15000   96243 -316688  412659]
[      1     -56    1273  -15000   96259 -317040  414531]
[      1     -56    1273  -15000   96259 -317008  414179]
[      1     -56    1273  -15000   96259 -317008  414243]
[      1     -56    1273  -15000   96259 -316976  413955]
[      1     -56    1273  -15000   96259 -316944  413667]
[      1     -56    1273  -15000   96275 -317328  415763]
[      1     -56    1273  -15000   96275 -317296  415475]
[      1     -56    1273  -15000   96275 -317296  415539]
[      1     -56    1273  -15000   96275 -317264  415187]
[      1     -56    1273  -15000   96275 -317264  415251]
[      1     -56    1273  -15000   96275 -317232  414963]
[      1     -56    1273  -15000   96275 -317200  414675]
[      1     -56    1273  -15000   96291 -317584  416707]
[      1     -56    1273  -15000   96291 -317584  416771]
[      1     -56    1273  -15000   96291 -317552  416483]
[      1     -56    1273  -15000   96291 -317552  416547]
[      1     -56    1273  -15000   96291 -317520  416195]
[      1     -56    1273  -15000   96307 -317872  418003]
[      1     -56    1273  -15000   96307 -317840  417715]
[      1     -56    1273  -14992   95995 -314232  404811]
[      1     -56    1273  -14992   95995 -314200  404523]
[      1     -56    1273  -14992   96011 -314520  406107]
[      1     -56    1273  -14992   96011 -314488  405819]
[      1     -56    1273  -14992   96027 -314840  407691]
[      1     -56    1273  -14992   96027 -314808  407403]
[      1     -56    1273  -14992   96027 -314776  407115]
[      1     -56    1273  -14992   96027 -314744  406827]
[      1     -56    1273  -14992   96043 -315128  408987]
[      1     -56    1273  -14992   96043 -315096  408635]
[      1     -56    1273  -14992   96043 -315096  408699]
[      1     -56    1273  -14992   96043 -315064  408347]
[      1     -56    1273  -14992   96043 -315064  408411]
[      1     -56    1273  -14992   96043 -315032  408123]
[      1     -56    1273  -14992   96043 -315000  407835]
[      1     -56    1273  -14992   96059 -315384  409931]
[      1     -56    1273  -14992   96059 -315384  409995]
[      1     -56    1273  -14992   96059 -315352  409643]
[      1     -56    1273  -14992   96059 -315352  409707]
[      1     -56    1273  -14992   96059 -315320  409355]
[      1     -56    1273  -14992   96075 -315672  411227]
[      1     -56    1273  -14992   96075 -315640  410875]
[      1     -56    1273  -14984   95779 -312288  398979]
[      1     -56    1273  -14984   95795 -312576  400275]
[      1     -56    1273  -14984   95795 -312544  399987]
[      1     -56    1273  -14984   95811 -312896  401859]
[      1     -56    1273  -14984   95811 -312864  401571]
[      1     -56    1273  -14984   95811 -312832  401283]
[      1     -56    1273  -14984   95811 -312800  400995]
[      1     -56    1273  -14984   95827 -313216  403443]
[      1     -56    1273  -14984   95827 -313184  403155]
[      1     -56    1273  -14984   95827 -313152  402803]
[      1     -56    1273  -14984   95827 -313152  402867]
[      1     -56    1273  -14984   95827 -313120  402515]
[      1     -56    1273  -14976   95563 -310344  393147]
[      1     -56    1273  -14976   95579 -310664  394731]
[      1     -56    1273  -14976   95579 -310632  394443]
[      1     -56    1273  -14976   95579 -310600  394155]
[      1     -56    1273  -14976   95595 -310952  396027]
[      1     -56    1273  -14976   95595 -310920  395675]
[      1     -56    1273  -14968   95347 -308432  387603]
[      1     -56    1273  -14968   95347 -308400  387315]

Show that f 0  =  [ 1, -56, 1273, -15008, 96523, -319816, 423835 ]
 is warranted

Certificate of warranty c:
c =  (3081463054228             0             0     329213615      23608945       1311608             0)
Ac >= 0:  true
Ac =  (84008943 66047 42037503 66063 84008751 65855 42037311 42037311 84008767 125980223 65871 42037327 84008783 
    65887 42037343 65903 42037103 84008559 65663 42037119 42037119 84008575 125980031 65679 42037135 42037135 
    84008591 84008591 125980047 167951503 42037151 42037151 84008607 84008607 125980063 42037167 84008623 84008367 
    125979823 84008383 125979839 42036943 84008399 125979855 167951311 42036959 84008415 84008415 125979871 125979871
    167951327 209922783 84008431 84008431 125979887 125979887 167951343 84008447 125979903 167951119 167951135 
    209922591 125979695 167951151 209922607 251894063 84008255 125979711 167951167 167951167 209922623 251893871 
    209922431 251893887 293865343 209922447 251893903 293865167 335836623)
<g,c> < 0:  true
<g,c> =  -38744273

Show that f 1  =  [ 1, -56, 1273, -15008, 96555, -320360, 426075 ]
 is warranted

Certificate of warranty c:
c =  (      0       0       0       0 -239073 -107333  -26537)
Ac >= 0:  true
Ac =  (23353218 9330370 13538370 3723522 27295850 13273002 17481002 15782634 19990634 24198634 3458154 7666154 
    10175786 14383786 360938 4568938 27030482 31238482 15517266 21423634 19725266 23933266 28141266 9910418 14118418 
    12420050 18326418 16628050 20836050 25044050 8511570 6813202 11021202 9322834 15229202 1206354 5414354 35181114 
    39389114 27875898 32083898 16362682 20570682 24778682 28986682 9057466 14963834 13265466 19171834 17473466 
    21681466 25889466 7658618 5960250 11866618 10168250 16074618 353402 6259770 32929314 25624098 29832098 14110882 
    18318882 22526882 26734882 2597666 6805666 12712034 11013666 16920034 30677514 19164298 23372298 27580298 
    11859082 17765450 24217714 28425714)
<g,c> < 0:  true
<g,c> =  -24310134
--- checking for compatibility of f0 and f1 ---
polys are not Seidel-compatible

Checking polynomial:
[
    <x - 9, 12>,
    <x + 5, 32>,
    <x^5 - 52*x^4 + 1062*x^3 - 10636*x^2 + 52193*x - 100376, 1>
]
Computing its interlacing char polys...
Time taken to compute interlacing char polys: 18.800 seconds

Matrix A corresponding to interlacing polynomials:
[      1     -56    1273  -15000   96339 -318416  420307]
[      1     -56    1273  -15000   96339 -318416  420371]
[      1     -56    1273  -15000   96355 -318768  422115]
[      1     -56    1273  -15000   96355 -318736  421827]
[      1     -56    1273  -15000   96371 -319088  423571]
[      1     -56    1273  -15000   96371 -319056  423347]
[      1     -56    1273  -14992   96075 -315576  410427]
[      1     -56    1273  -14992   96091 -315960  412587]
[      1     -56    1273  -14992   96091 -315928  412171]
[      1     -56    1273  -14992   96091 -315928  412235]
[      1     -56    1273  -14992   96091 -315928  412299]
[      1     -56    1273  -14992   96091 -315896  411947]
[      1     -56    1273  -14992   96107 -316312  414395]
[      1     -56    1273  -14992   96107 -316280  413979]
[      1     -56    1273  -14992   96107 -316280  414043]
[      1     -56    1273  -14992   96107 -316280  414107]
[      1     -56    1273  -14992   96107 -316280  414171]
[      1     -56    1273  -14992   96107 -316248  413691]
[      1     -56    1273  -14992   96107 -316248  413755]
[      1     -56    1273  -14992   96107 -316248  413819]
[      1     -56    1273  -14992   96107 -316248  413883]
[      1     -56    1273  -14992   96107 -316216  413467]
[      1     -56    1273  -14992   96123 -316600  415563]
[      1     -56    1273  -14992   96123 -316600  415627]
[      1     -56    1273  -14992   96123 -316568  415211]
[      1     -56    1273  -14992   96123 -316568  415275]
[      1     -56    1273  -14992   96123 -316568  415339]
[      1     -56    1273  -14992   96139 -316888  416795]
[      1     -56    1273  -14984   95827 -313088  402291]
[      1     -56    1273  -14984   95843 -313472  404387]
[      1     -56    1273  -14984   95843 -313472  404451]
[      1     -56    1273  -14984   95843 -313440  404035]
[      1     -56    1273  -14984   95843 -313440  404099]
[      1     -56    1273  -14984   95843 -313440  404163]
[      1     -56    1273  -14984   95843 -313408  403811]
[      1     -56    1273  -14984   95843 -313408  403875]
[      1     -56    1273  -14984   95843 -313376  403587]
[      1     -56    1273  -14984   95859 -313856  406611]
[      1     -56    1273  -14984   95859 -313824  406259]
[      1     -56    1273  -14984   95859 -313824  406323]
[      1     -56    1273  -14984   95859 -313792  405907]
[      1     -56    1273  -14984   95859 -313792  405971]
[      1     -56    1273  -14984   95859 -313792  406035]
[      1     -56    1273  -14984   95859 -313760  405619]
[      1     -56    1273  -14984   95859 -313760  405683]
[      1     -56    1273  -14984   95859 -313760  405747]
[      1     -56    1273  -14984   95859 -313728  405331]
[      1     -56    1273  -14984   95859 -313728  405395]
[      1     -56    1273  -14984   95859 -313728  405459]
[      1     -56    1273  -14984   95875 -314144  407843]
[      1     -56    1273  -14984   95875 -314144  407907]
[      1     -56    1273  -14984   95875 -314112  407491]
[      1     -56    1273  -14984   95875 -314112  407555]
[      1     -56    1273  -14984   95875 -314112  407619]
[      1     -56    1273  -14984   95875 -314080  407139]
[      1     -56    1273  -14984   95875 -314080  407203]
[      1     -56    1273  -14984   95875 -314080  407267]
[      1     -56    1273  -14984   95875 -314080  407331]
[      1     -56    1273  -14984   95875 -314048  406851]
[      1     -56    1273  -14984   95875 -314048  406915]
[      1     -56    1273  -14984   95891 -314432  409075]
[      1     -56    1273  -14984   95891 -314400  408787]
[      1     -56    1273  -14976   95579 -310632  394443]
[      1     -56    1273  -14976   95579 -310600  394155]
[      1     -56    1273  -14976   95595 -310984  396251]
[      1     -56    1273  -14976   95595 -310984  396315]
[      1     -56    1273  -14976   95595 -310952  395963]
[      1     -56    1273  -14976   95595 -310952  396027]
[      1     -56    1273  -14976   95595 -310920  395675]
[      1     -56    1273  -14976   95595 -310920  395739]
[      1     -56    1273  -14976   95595 -310888  395451]
[      1     -56    1273  -14976   95595 -310856  395163]
[      1     -56    1273  -14976   95611 -311336  398187]
[      1     -56    1273  -14976   95611 -311304  397899]
[      1     -56    1273  -14976   95611 -311272  397547]
[      1     -56    1273  -14976   95611 -311272  397611]
[      1     -56    1273  -14976   95611 -311240  397195]
[      1     -56    1273  -14976   95611 -311240  397259]
[      1     -56    1273  -14976   95611 -311240  397323]
[      1     -56    1273  -14976   95611 -311208  396971]
[      1     -56    1273  -14976   95611 -311208  397035]
[      1     -56    1273  -14976   95627 -311624  399483]
[      1     -56    1273  -14976   95627 -311592  399131]
[      1     -56    1273  -14976   95627 -311592  399195]
[      1     -56    1273  -14976   95627 -311560  398779]
[      1     -56    1273  -14976   95627 -311560  398843]
[      1     -56    1273  -14976   95627 -311560  398907]
[      1     -56    1273  -14976   95627 -311528  398491]
[      1     -56    1273  -14976   95627 -311528  398555]
[      1     -56    1273  -14976   95643 -311944  401067]
[      1     -56    1273  -14976   95643 -311912  400715]
[      1     -56    1273  -14976   95643 -311912  400779]
[      1     -56    1273  -14976   95643 -311880  400363]
[      1     -56    1273  -14976   95643 -311880  400427]
[      1     -56    1273  -14976   95659 -312232  402299]
[      1     -56    1273  -14968   95331 -308144  386307]
[      1     -56    1273  -14968   95347 -308464  387891]
[      1     -56    1273  -14968   95347 -308432  387603]
[      1     -56    1273  -14968   95347 -308400  387315]
[      1     -56    1273  -14968   95363 -308784  389475]
[      1     -56    1273  -14968   95363 -308752  389187]
[      1     -56    1273  -14968   95363 -308720  388835]
[      1     -56    1273  -14968   95363 -308720  388899]
[      1     -56    1273  -14968   95363 -308688  388611]
[      1     -56    1273  -14968   95379 -309072  390771]
[      1     -56    1273  -14968   95379 -309040  390419]
[      1     -56    1273  -14968   95379 -309040  390483]
[      1     -56    1273  -14968   95379 -309008  390131]
[      1     -56    1273  -14968   95395 -309392  392355]
[      1     -56    1273  -14968   95395 -309360  392003]
[      1     -56    1273  -14960   95115 -306232  380763]
[      1     -56    1273  -14960   95115 -306200  380475]
[      1     -56    1273  -14960   95131 -306520  382059]
[      1     -56    1273  -14952   94883 -304000  373635]

Show that f 0  =  [ 1, -56, 1273, -15000, 96371, -319088, 423571 ]
 is warranted

Certificate of warranty c:
c =  (        0         0         0 576862162 159550736  25867427   3614120)
Ac >= 0:  true
Ac =  (463224712 694528392 445031144 231922248 619784 712714784 1138933792 463217536 694521216 925824896 481412320 
    1120740224 445023968 676327648 907631328 1138935008 231915072 463218752 694522432 925826112 250109856 445025184 
    676328864 612608 231916288 463219968 613824 712707608 907622936 1138926616 463210360 694514040 925817720 
    481405144 712708824 499599928 1565145624 1120733048 1352036728 676320472 907624152 1138927832 463211576 694515256
    925818936 250102680 481406360 712710040 1120734264 1352037944 676321688 907625368 1138929048 231909112 463212792 
    694516472 925820152 18800216 250103896 676322904 463214008 925809328 712700432 907615760 1138919440 694506864 
    925810544 481397968 712701648 499592752 286483856 1352029552 1138920656 694508080 925811760 250095504 481399184 
    712702864 268290288 499593968 1138921872 694509296 925812976 250096720 481400400 712704080 36987824 268291504 
    1138923088 694510512 925814192 250097936 481401616 694511728 925802152 925803368 712694472 499585576 925804584 
    712695688 268283112 499586792 286477896 712696904 268284328 499588008 55175432 712698120 268285544 499579616 
    286470720 286471936 73355864)
<g,c> < 0:  true
<g,c> =  -11436216

Show that f 1  =  [ 1, -56, 1273, -15000, 96371, -319056, 423347 ]
 is warranted

Certificate of warranty c:
c =  (-900198292671             0             0     -70576836             0        678324        136910)
Ac >= 0:  true
Ac =  (9263915 18026155 18027147 303435 304427 18418587 53667771 18419579 27181819 35944059 9458107 62431003 27182811
    35945051 44707291 53469531 9459099 18221339 26983579 35745819 497627 26984571 35746811 498619 9260859 18023099 
    300379 27574251 54061195 62823435 27575243 36337483 45099723 18613771 27376011 9652299 98072619 71586667 80348907
    45100715 53862955 62625195 27377003 36139243 44901483 9653291 18415531 27177771 71388427 80150667 44902475 
    53664715 62426955 18416523 27178763 35941003 44703243 692811 9455051 44704235 26980523 54453627 36729915 63216859
    71979099 45493147 54255387 27769435 36531675 18807963 1084251 89504571 71780859 45294907 54057147 18808955 
    27571195 36333435 9847483 18609723 71582619 45096667 53858907 18610715 27372955 36135195 887003 9649243 71384379 
    44898427 53660667 18412475 27174715 44700187 63609291 63411051 45687339 27963627 63212811 45489099 19003147 
    27765387 10041675 45290859 18804907 27567147 1081195 45092619 18606667 36921051 19197339 18999099 10431051)
<g,c> < 0:  true
<g,c> =  -26832933
--- checking for compatibility of f0 and f1 ---
polys are not Seidel-compatible

Checking polynomial:
[
    <x - 9, 12>,
    <x + 5, 32>,
    <x^2 - 20*x + 95, 1>,
    <x^3 - 32*x^2 + 327*x - 1052, 1>
]
Computing its interlacing char polys...
Time taken to compute interlacing char polys: 19.790 seconds

Matrix A corresponding to interlacing polynomials:
[      1     -56    1273  -15000   96371 -319120  423795]
[      1     -56    1273  -14992   96107 -316344  414683]
[      1     -56    1273  -14992   96107 -316312  414267]
[      1     -56    1273  -14992   96107 -316280  413915]
[      1     -56    1273  -14992   96123 -316664  416075]
[      1     -56    1273  -14992   96123 -316664  416139]
[      1     -56    1273  -14992   96123 -316632  415723]
[      1     -56    1273  -14992   96123 -316632  415787]
[      1     -56    1273  -14992   96123 -316600  415435]
[      1     -56    1273  -14992   96139 -316952  417243]
[      1     -56    1273  -14992   96139 -316952  417307]
[      1     -56    1273  -14992   96139 -316920  416955]
[      1     -56    1273  -14992   96155 -317240  418475]
[      1     -56    1273  -14984   95827 -313120  402515]
[      1     -56    1273  -14984   95843 -313504  404739]
[      1     -56    1273  -14984   95843 -313472  404323]
[      1     -56    1273  -14984   95843 -313472  404387]
[      1     -56    1273  -14984   95843 -313440  404035]
[      1     -56    1273  -14984   95859 -313856  406483]
[      1     -56    1273  -14984   95859 -313856  406547]
[      1     -56    1273  -14984   95859 -313856  406611]
[      1     -56    1273  -14984   95859 -313824  406131]
[      1     -56    1273  -14984   95859 -313824  406195]
[      1     -56    1273  -14984   95859 -313824  406259]
[      1     -56    1273  -14984   95859 -313824  406323]
[      1     -56    1273  -14984   95859 -313792  405843]
[      1     -56    1273  -14984   95859 -313792  405907]
[      1     -56    1273  -14984   95859 -313760  405555]
[      1     -56    1273  -14984   95875 -314208  408419]
[      1     -56    1273  -14984   95875 -314176  408067]
[      1     -56    1273  -14984   95875 -314176  408131]
[      1     -56    1273  -14984   95875 -314176  408195]
[      1     -56    1273  -14984   95875 -314144  407715]
[      1     -56    1273  -14984   95875 -314144  407779]
[      1     -56    1273  -14984   95875 -314144  407843]
[      1     -56    1273  -14984   95875 -314112  407363]
[      1     -56    1273  -14984   95875 -314112  407427]
[      1     -56    1273  -14984   95875 -314080  407075]
[      1     -56    1273  -14984   95891 -314496  409651]
[      1     -56    1273  -14984   95891 -314464  409299]
[      1     -56    1273  -14984   95891 -314464  409363]
[      1     -56    1273  -14984   95891 -314432  408947]
[      1     -56    1273  -14984   95891 -314400  408595]
[      1     -56    1273  -14984   95907 -314752  410467]
[      1     -56    1273  -14984   95907 -314720  410115]
[      1     -56    1273  -14976   95579 -310664  394731]
[      1     -56    1273  -14976   95579 -310632  394443]
[      1     -56    1273  -14976   95579 -310600  394155]
[      1     -56    1273  -14976   95595 -311016  396539]
[      1     -56    1273  -14976   95595 -311016  396603]
[      1     -56    1273  -14976   95595 -310984  396187]
[      1     -56    1273  -14976   95595 -310984  396251]
[      1     -56    1273  -14976   95595 -310984  396315]
[      1     -56    1273  -14976   95595 -310952  395963]
[      1     -56    1273  -14976   95595 -310952  396027]
[      1     -56    1273  -14976   95595 -310920  395675]
[      1     -56    1273  -14976   95611 -311368  398475]
[      1     -56    1273  -14976   95611 -311336  398123]
[      1     -56    1273  -14976   95611 -311336  398187]
[      1     -56    1273  -14976   95611 -311304  397771]
[      1     -56    1273  -14976   95611 -311304  397835]
[      1     -56    1273  -14976   95611 -311304  397899]
[      1     -56    1273  -14976   95611 -311272  397483]
[      1     -56    1273  -14976   95611 -311272  397547]
[      1     -56    1273  -14976   95611 -311240  397195]
[      1     -56    1273  -14976   95627 -311688  400059]
[      1     -56    1273  -14976   95627 -311656  399707]
[      1     -56    1273  -14976   95627 -311656  399771]
[      1     -56    1273  -14976   95627 -311624  399355]
[      1     -56    1273  -14976   95627 -311624  399419]
[      1     -56    1273  -14976   95627 -311624  399483]
[      1     -56    1273  -14976   95627 -311592  399003]
[      1     -56    1273  -14976   95627 -311592  399067]
[      1     -56    1273  -14976   95627 -311560  398715]
[      1     -56    1273  -14976   95643 -312008  401643]
[      1     -56    1273  -14976   95643 -311976  401291]
[      1     -56    1273  -14976   95643 -311976  401355]
[      1     -56    1273  -14976   95643 -311944  400939]
[      1     -56    1273  -14976   95643 -311944  401003]
[      1     -56    1273  -14976   95643 -311912  400587]
[      1     -56    1273  -14976   95643 -311880  400235]
[      1     -56    1273  -14976   95659 -312296  402875]
[      1     -56    1273  -14976   95659 -312264  402523]
[      1     -56    1273  -14976   95659 -312232  402107]
[      1     -56    1273  -14976   95659 -312200  401755]
[      1     -56    1273  -14976   95675 -312584  404043]
[      1     -56    1273  -14968   95331 -308144  386307]
[      1     -56    1273  -14968   95347 -308464  387827]
[      1     -56    1273  -14968   95347 -308464  387891]
[      1     -56    1273  -14968   95347 -308432  387603]
[      1     -56    1273  -14968   95347 -308400  387315]
[      1     -56    1273  -14968   95363 -308816  389763]
[      1     -56    1273  -14968   95363 -308784  389411]
[      1     -56    1273  -14968   95363 -308784  389475]
[      1     -56    1273  -14968   95363 -308752  389123]
[      1     -56    1273  -14968   95363 -308752  389187]
[      1     -56    1273  -14968   95363 -308720  388835]
[      1     -56    1273  -14968   95379 -309136  391347]
[      1     -56    1273  -14968   95379 -309104  390995]
[      1     -56    1273  -14968   95379 -309104  391059]
[      1     -56    1273  -14968   95379 -309072  390643]
[      1     -56    1273  -14968   95379 -309072  390707]
[      1     -56    1273  -14968   95379 -309040  390355]
[      1     -56    1273  -14968   95395 -309456  392931]
[      1     -56    1273  -14968   95395 -309424  392579]
[      1     -56    1273  -14968   95395 -309424  392643]
[      1     -56    1273  -14968   95395 -309392  392227]
[      1     -56    1273  -14968   95395 -309360  391875]
[      1     -56    1273  -14968   95411 -309776  394515]
[      1     -56    1273  -14968   95411 -309744  394163]
[      1     -56    1273  -14968   95411 -309680  393395]
[      1     -56    1273  -14960   95115 -306264  381051]
[      1     -56    1273  -14960   95115 -306232  380763]
[      1     -56    1273  -14960   95115 -306200  380475]
[      1     -56    1273  -14960   95131 -306584  382635]
[      1     -56    1273  -14960   95131 -306552  382283]
[      1     -56    1273  -14960   95131 -306552  382347]
[      1     -56    1273  -14960   95131 -306520  381995]
[      1     -56    1273  -14960   95147 -306904  384219]
[      1     -56    1273  -14960   95147 -306872  383867]
[      1     -56    1273  -14960   95147 -306840  383515]
[      1     -56    1273  -14960   95163 -307224  385803]
[      1     -56    1273  -14952   94883 -304032  373923]
[      1     -56    1273  -14952   94883 -304000  373635]
[      1     -56    1273  -14952   94899 -304352  375507]
[      1     -56    1273  -14952   94899 -304320  375155]
[      1     -56    1273  -14944   94651 -301800  366795]

Show that f 0  =  [ 1, -56, 1273, -14992, 96139, -316952, 417243 ]
 is warranted

Certificate of warranty c:
c =  (15798865000678              0              0     1810892027      159441460       14258992        1296273)
Ac >= 0:  true
Ac =  (42026333 207939325 124977501 124977149 537261 83498733 536909 83498381 83498029 42019261 42018909 539789 
    249407085 207928669 124966845 207928317 207927965 526957 83488429 166449901 526605 83488077 166449549 249411021 
    83487725 166449197 166448845 42009661 42009309 124970781 207932253 42008957 124970429 207931901 42008605 
    124970077 124969725 83491661 83491309 166452781 83490957 83490605 42011837 42011485 124956541 207917661 290878781
    516301 83477773 515949 83477421 166438893 166438541 249400013 249399661 41999005 41998653 124960125 41998301 
    124959773 207921245 124959421 207920893 207920541 83481357 83481005 166442477 83480653 166442125 249403597 
    83480301 166441773 166441421 124963709 124963357 207924829 124963005 207924477 124962653 124962301 166445709 
    166445357 83483533 83483181 124966237 83466765 41987645 124949117 207910237 290871357 83470349 83469997 166431469
    166431117 249392589 249392237 124952701 124952349 207913821 124951997 207913469 207913117 166435053 166434701 
    249396173 166434349 166433997 207917405 207917053 124954877 124941693 207902813 290863933 166424045 166423693 
    249385165 249384813 207906397 207906045 207905693 249388749 207895389 290856509 249377741 249377389 290849085)
<g,c> < 0:  true
<g,c> =  -15098387

Show that f 1  =  [ 1, -56, 1273, -14992, 96155, -317240, 418475 ]
 is warranted

Certificate of warranty c:
c =  (      0       0       0 8229987 1467053       0  -42311)
Ac >= 0:  true
Ac =  (369418 64445154 82046530 96940002 29021090 26313186 43914562 41206658 56100130 3074690 366786 15260258 
    234350458 163723642 181325018 178617114 193510586 113406106 110698202 107990298 128299578 125591674 122883770 
    120175866 140485146 137777242 152670714 54964858 69858330 67150426 64442522 84751802 82043898 79335994 99645274 
    96937370 111830842 26310554 41204026 38496122 56097498 70990970 15257626 30151098 265710034 277895602 290081170 
    212684594 209976690 227578066 224870162 222162258 237055730 234347826 249241298 154243346 169136818 166428914 
    184030290 181322386 178614482 196215858 193507954 208401426 110695570 125589042 122881138 140482514 137774610 
    135066706 155375986 152668082 167561554 67147794 82041266 79333362 96934738 94226834 111828210 126721682 38493490
    53386962 70988338 85881810 12547090 324148650 283308778 280600874 292786442 304972010 224867530 239761002 
    237053098 251946570 249238666 264132138 181319754 196213226 193505322 211106698 208398794 223292266 137771978 
    152665450 149957546 167558922 182452394 94224202 109117674 141612522 295491714 307677282 319862850 251943938 
    266837410 264129506 279022978 208396162 223289634 238183106 164848386 322568122 334753690 279020346 293913818 
    349644530)
<g,c> < 0:  true
<g,c> =  -23510478
--- checking for compatibility of f0 and f1 ---
polys are not Seidel-compatible

Checking polynomial:
[
    <x - 11, 2>,
    <x - 9, 12>,
    <x + 5, 32>,
    <x^3 - 30*x^2 + 281*x - 812, 1>
]
Computing its interlacing char polys...
Time taken to compute interlacing char polys: 1.860 seconds

Matrix A corresponding to interlacing polynomials:
[     1    -45    778  -6434  25301 -37521]
[     1    -45    778  -6434  25317 -37761]
[     1    -45    778  -6434  25317 -37729]
[     1    -45    778  -6434  25317 -37697]
[     1    -45    778  -6434  25333 -37905]
[     1    -45    778  -6434  25333 -37873]
[     1    -45    778  -6426  25109 -36441]
[     1    -45    778  -6426  25125 -36617]
[     1    -45    778  -6426  25125 -36585]
[     1    -45    778  -6426  25141 -36793]
[     1    -45    778  -6426  25141 -36761]
[     1    -45    778  -6426  25141 -36729]
[     1    -45    778  -6426  25157 -36937]
[     1    -45    778  -6426  25157 -36905]
[     1    -45    778  -6426  25173 -37113]
[     1    -45    778  -6426  25173 -37081]
[     1    -45    778  -6426  25189 -37257]
[     1    -45    778  -6426  25205 -37433]
[     1    -45    778  -6418  24933 -35505]
[     1    -45    778  -6418  24949 -35681]
[     1    -45    778  -6418  24949 -35649]
[     1    -45    778  -6418  24965 -35825]
[     1    -45    778  -6418  24965 -35793]
[     1    -45    778  -6418  24981 -36001]
[     1    -45    778  -6418  24981 -35969]
[     1    -45    778  -6418  24981 -35937]
[     1    -45    778  -6418  24997 -36145]
[     1    -45    778  -6418  24997 -36113]
[     1    -45    778  -6418  25013 -36321]
[     1    -45    778  -6418  25013 -36289]
[     1    -45    778  -6418  25029 -36465]
[     1    -45    778  -6410  24757 -34569]
[     1    -45    778  -6410  24773 -34713]
[     1    -45    778  -6410  24789 -34889]
[     1    -45    778  -6410  24789 -34857]
[     1    -45    778  -6410  24805 -35033]
[     1    -45    778  -6410  24805 -35001]
[     1    -45    778  -6410  24821 -35177]
[     1    -45    778  -6410  24821 -35145]
[     1    -45    778  -6410  24837 -35353]
[     1    -45    778  -6410  24837 -35321]
[     1    -45    778  -6410  24853 -35497]
[     1    -45    778  -6410  24869 -35673]
[     1    -45    778  -6402  24613 -33921]
[     1    -45    778  -6402  24629 -34065]
[     1    -45    778  -6402  24645 -34241]
[     1    -45    778  -6402  24645 -34209]
[     1    -45    778  -6402  24661 -34385]
[     1    -45    778  -6402  24661 -34353]
[     1    -45    778  -6402  24677 -34561]
[     1    -45    778  -6402  24677 -34529]
[     1    -45    778  -6402  24693 -34705]
[     1    -45    778  -6402  24709 -34881]
[     1    -45    778  -6394  24453 -33129]
[     1    -45    778  -6394  24469 -33273]
[     1    -45    778  -6394  24485 -33417]
[     1    -45    778  -6394  24501 -33593]
[     1    -45    778  -6394  24501 -33561]
[     1    -45    778  -6394  24517 -33737]
[     1    -45    778  -6394  24533 -33913]
[     1    -45    778  -6386  24309 -32481]
[     1    -45    778  -6386  24325 -32625]
[     1    -45    778  -6386  24341 -32801]
[     1    -45    778  -6386  24341 -32769]
[     1    -45    778  -6386  24357 -32945]
[     1    -45    778  -6386  24373 -33121]
[     1    -45    778  -6378  24149 -31689]
[     1    -45    778  -6378  24165 -31833]
[     1    -45    778  -6378  24181 -31977]
[     1    -45    778  -6378  24197 -32153]
[     1    -45    778  -6370  24005 -31041]
[     1    -45    778  -6370  24021 -31185]
[     1    -45    778  -6370  24037 -31361]
[     1    -45    778  -6362  23845 -30249]
[     1    -45    778  -6362  23861 -30393]
[     1    -45    778  -6354  23701 -29601]

Show that f 0  =  [ 1, -45, 778, -6434, 25317, -37761 ]
 is warranted

Certificate of warranty c:
c =  (7723650238          0          0    1795746     177797      17779)
Ac >= 0:  true
Ac =  (1176512 323232 892160 38880 607808 606776 322424 891352 38072 607000 1175928 322648 891576 38296 607224 322872
    38520 321616 37264 606192 321840 890768 37488 606416 1175344 322064 890992 37712 606640 322288 36456 321032 36680
    605608 321256 890184 605832 1174760 321480 890408 606056 321704 320448 605024 320672 889600 605248 1174176 320896
    889824 605472 321120 319864 604440 889016 604664 1173592 889240 604888 603856 888432 604080 1173008 888656 604304
    603272 887848 1172424 888072 887264 1171840 887488 886680 1171256 1170672)
<g,c> < 0:  true
<g,c> =  -1533120

Show that f 1  =  [ 1, -45, 778, -6426, 25205, -37433 ]
 is warranted

Certificate of warranty c:
c =  (1681764478          0          0     411472      45720       5079)
Ac >= 0:  true
Ac =  (546191 58751 221279 383807 58895 221423 545047 382663 545191 220279 382807 545335 220423 382951 58039 220567 
    58183 544047 381663 544191 381807 544335 219423 381951 544479 219567 382095 57183 219711 57327 543047 543191 
    380807 543335 380951 543479 381095 543623 218711 381239 218855 56471 542335 542479 380095 542623 380239 542767 
    217855 380383 217999 55615 541479 541623 541767 379383 541911 379527 217143 540767 540911 378527 541055 378671 
    216287 539911 540055 540199 377815 539199 539343 376959 538343 538487 537631)
<g,c> < 0:  true
<g,c> =  -564001
--- checking for compatibility of f0 and f1 ---
polys are not Seidel-compatible

Checking polynomial:
[
    <x - 11, 2>,
    <x - 9, 12>,
    <x + 5, 32>,
    <x^3 - 30*x^2 + 281*x - 808, 1>
]
Computing its interlacing char polys...
Time taken to compute interlacing char polys: 1.830 seconds

Matrix A corresponding to interlacing polynomials:
[     1    -45    778  -6434  25349 -38049]
[     1    -45    778  -6426  25141 -36729]
[     1    -45    778  -6426  25157 -36969]
[     1    -45    778  -6426  25157 -36937]
[     1    -45    778  -6426  25157 -36905]
[     1    -45    778  -6426  25173 -37113]
[     1    -45    778  -6426  25173 -37081]
[     1    -45    778  -6426  25189 -37289]
[     1    -45    778  -6426  25189 -37257]
[     1    -45    778  -6426  25205 -37433]
[     1    -45    778  -6418  24965 -35825]
[     1    -45    778  -6418  24965 -35793]
[     1    -45    778  -6418  24981 -36001]
[     1    -45    778  -6418  24981 -35969]
[     1    -45    778  -6418  24981 -35937]
[     1    -45    778  -6418  24997 -36145]
[     1    -45    778  -6418  24997 -36113]
[     1    -45    778  -6418  25013 -36321]
[     1    -45    778  -6418  25013 -36289]
[     1    -45    778  -6418  25029 -36465]
[     1    -45    778  -6418  25045 -36641]
[     1    -45    778  -6418  25061 -36817]
[     1    -45    778  -6410  24773 -34713]
[     1    -45    778  -6410  24789 -34857]
[     1    -45    778  -6410  24805 -35033]
[     1    -45    778  -6410  24805 -35001]
[     1    -45    778  -6410  24821 -35209]
[     1    -45    778  -6410  24821 -35177]
[     1    -45    778  -6410  24821 -35145]
[     1    -45    778  -6410  24837 -35353]
[     1    -45    778  -6410  24837 -35321]
[     1    -45    778  -6410  24853 -35529]
[     1    -45    778  -6410  24853 -35497]
[     1    -45    778  -6410  24869 -35673]
[     1    -45    778  -6410  24885 -35849]
[     1    -45    778  -6402  24613 -33921]
[     1    -45    778  -6402  24629 -34065]
[     1    -45    778  -6402  24645 -34241]
[     1    -45    778  -6402  24645 -34209]
[     1    -45    778  -6402  24661 -34385]
[     1    -45    778  -6402  24661 -34353]
[     1    -45    778  -6402  24677 -34561]
[     1    -45    778  -6402  24677 -34529]
[     1    -45    778  -6402  24693 -34705]
[     1    -45    778  -6402  24709 -34881]
[     1    -45    778  -6402  24725 -35057]
[     1    -45    778  -6394  24469 -33273]
[     1    -45    778  -6394  24485 -33449]
[     1    -45    778  -6394  24485 -33417]
[     1    -45    778  -6394  24501 -33593]
[     1    -45    778  -6394  24501 -33561]
[     1    -45    778  -6394  24517 -33769]
[     1    -45    778  -6394  24517 -33737]
[     1    -45    778  -6394  24533 -33913]
[     1    -45    778  -6394  24549 -34089]
[     1    -45    778  -6386  24309 -32481]
[     1    -45    778  -6386  24325 -32625]
[     1    -45    778  -6386  24341 -32801]
[     1    -45    778  -6386  24341 -32769]
[     1    -45    778  -6386  24357 -32945]
[     1    -45    778  -6386  24373 -33121]
[     1    -45    778  -6378  24165 -31833]
[     1    -45    778  -6378  24181 -32009]
[     1    -45    778  -6378  24181 -31977]
[     1    -45    778  -6378  24197 -32153]
[     1    -45    778  -6378  24213 -32329]
[     1    -45    778  -6370  24005 -31041]
[     1    -45    778  -6370  24021 -31185]
[     1    -45    778  -6370  24037 -31361]
[     1    -45    778  -6362  23845 -30249]
[     1    -45    778  -6362  23861 -30393]
[     1    -45    778  -6362  23877 -30569]
[     1    -45    778  -6354  23701 -29601]
[     1    -45    778  -6346  23541 -28809]

Show that f 0  =  [ 1, -45, 778, -6426, 25189, -37289 ]
 is warranted

Certificate of warranty c:
c =  (8311896038          0          0    1932968     192633      19927)
Ac >= 0:  true
Ac =  (31420 1731140 30788 668452 1306116 243428 881092 456068 31044 1305484 1943148 880460 1518124 2155788 1093100 
    1730764 668076 1305740 880716 455692 30668 1942516 2155156 1730132 2367796 1305108 1942772 2580436 1517748 
    2155412 1092724 1730388 1305364 880340 2367164 2579804 2154780 2792444 2367420 3005084 1942396 2580060 2155036 
    1730012 1304988 3004452 2579428 3217092 2792068 3429732 2367044 3004708 2579684 2154660 3429100 3641740 3216716 
    3854380 3429356 3004332 4066388 3641364 4279028 3854004 3428980 4491036 4703676 4278652 4915684 5128324 4703300 
    5552972 5977620)
<g,c> < 0:  true
<g,c> =  -1891404

Show that f 1  =  [ 1, -45, 778, -6418, 25061, -36817 ]
 is warranted

Certificate of warranty c:
c =  (2513477598          0          0     614905      68323       7591)
Ac >= 0:  true
Ac =  (268596 996772 268100 511012 753924 268164 511076 25316 268228 25380 753428 996340 510580 753492 996404 510644 
    753556 267796 510708 267860 25012 995844 995908 753060 995972 510212 753124 996036 510276 753188 267428 510340 
    267492 24644 995476 995540 752692 995604 752756 995668 509908 752820 509972 267124 24276 995172 752324 995236 
    752388 995300 509540 752452 509604 266756 994804 994868 752020 994932 752084 509236 994500 751652 994564 751716 
    508868 994132 994196 751348 993764 993828 750980 993460 993092)
<g,c> < 0:  true
<g,c> =  -2166396
--- checking for compatibility of f0 and f1 ---
polys are not Seidel-compatible

Checking polynomial:
[
    <x - 11, 3>,
    <x - 9, 11>,
    <x - 8, 1>,
    <x + 5, 32>,
    <x^2 - 20*x + 83, 1>
]
Computing its interlacing char polys...
Time taken to compute interlacing char polys: 1.150 seconds

Matrix A corresponding to interlacing polynomials:
[     1    -43    710  -5618  21241 -30627]
[     1    -43    710  -5618  21241 -30595]
[     1    -43    710  -5618  21241 -30563]
[     1    -43    710  -5618  21257 -30707]
[     1    -43    710  -5618  21257 -30675]
[     1    -43    710  -5610  21065 -29691]
[     1    -43    710  -5610  21065 -29659]
[     1    -43    710  -5610  21081 -29835]
[     1    -43    710  -5610  21081 -29803]
[     1    -43    710  -5610  21081 -29771]
[     1    -43    710  -5610  21097 -29979]
[     1    -43    710  -5610  21097 -29947]
[     1    -43    710  -5610  21097 -29915]
[     1    -43    710  -5610  21113 -30123]
[     1    -43    710  -5610  21113 -30091]
[     1    -43    710  -5610  21113 -30059]
[     1    -43    710  -5610  21113 -30027]
[     1    -43    710  -5610  21129 -30235]
[     1    -43    710  -5610  21129 -30203]
[     1    -43    710  -5610  21129 -30171]
[     1    -43    710  -5610  21145 -30315]
[     1    -43    710  -5610  21145 -30283]
[     1    -43    710  -5602  20889 -28755]
[     1    -43    710  -5602  20905 -28899]
[     1    -43    710  -5602  20921 -29043]
[     1    -43    710  -5602  20921 -29011]
[     1    -43    710  -5602  20937 -29187]
[     1    -43    710  -5602  20937 -29155]
[     1    -43    710  -5602  20953 -29331]
[     1    -43    710  -5602  20953 -29299]
[     1    -43    710  -5602  20953 -29267]
[     1    -43    710  -5602  20969 -29475]
[     1    -43    710  -5602  20969 -29443]
[     1    -43    710  -5602  20969 -29411]
[     1    -43    710  -5602  20985 -29619]
[     1    -43    710  -5602  20985 -29587]
[     1    -43    710  -5602  20985 -29555]
[     1    -43    710  -5602  20985 -29523]
[     1    -43    710  -5602  21001 -29763]
[     1    -43    710  -5602  21001 -29731]
[     1    -43    710  -5602  21001 -29699]
[     1    -43    710  -5602  21001 -29667]
[     1    -43    710  -5602  21017 -29843]
[     1    -43    710  -5594  20745 -28107]
[     1    -43    710  -5594  20761 -28251]
[     1    -43    710  -5594  20777 -28395]
[     1    -43    710  -5594  20777 -28363]
[     1    -43    710  -5594  20793 -28539]
[     1    -43    710  -5594  20793 -28507]
[     1    -43    710  -5594  20809 -28683]
[     1    -43    710  -5594  20809 -28651]
[     1    -43    710  -5594  20809 -28619]
[     1    -43    710  -5594  20825 -28827]
[     1    -43    710  -5594  20825 -28795]
[     1    -43    710  -5594  20825 -28763]
[     1    -43    710  -5594  20841 -28971]
[     1    -43    710  -5594  20841 -28939]
[     1    -43    710  -5594  20841 -28907]
[     1    -43    710  -5594  20841 -28875]
[     1    -43    710  -5594  20857 -29115]
[     1    -43    710  -5594  20857 -29083]
[     1    -43    710  -5594  20857 -29051]
[     1    -43    710  -5594  20873 -29259]
[     1    -43    710  -5594  20873 -29227]
[     1    -43    710  -5586  20617 -27603]
[     1    -43    710  -5586  20633 -27747]
[     1    -43    710  -5586  20649 -27891]
[     1    -43    710  -5586  20649 -27859]
[     1    -43    710  -5586  20665 -28035]
[     1    -43    710  -5586  20665 -28003]
[     1    -43    710  -5586  20681 -28179]
[     1    -43    710  -5586  20681 -28147]
[     1    -43    710  -5586  20681 -28115]
[     1    -43    710  -5586  20697 -28323]
[     1    -43    710  -5586  20697 -28291]
[     1    -43    710  -5586  20697 -28259]
[     1    -43    710  -5586  20713 -28467]
[     1    -43    710  -5586  20713 -28435]
[     1    -43    710  -5586  20729 -28611]
[     1    -43    710  -5578  20473 -26955]
[     1    -43    710  -5578  20489 -27099]
[     1    -43    710  -5578  20505 -27243]
[     1    -43    710  -5578  20505 -27211]
[     1    -43    710  -5578  20521 -27387]
[     1    -43    710  -5578  20521 -27355]
[     1    -43    710  -5578  20537 -27531]
[     1    -43    710  -5578  20537 -27499]
[     1    -43    710  -5578  20537 -27467]
[     1    -43    710  -5578  20553 -27675]
[     1    -43    710  -5578  20553 -27643]
[     1    -43    710  -5578  20569 -27819]
[     1    -43    710  -5570  20345 -26451]
[     1    -43    710  -5570  20361 -26595]
[     1    -43    710  -5570  20377 -26739]
[     1    -43    710  -5570  20377 -26707]
[     1    -43    710  -5570  20393 -26883]
[     1    -43    710  -5570  20393 -26851]
[     1    -43    710  -5570  20409 -27027]
[     1    -43    710  -5562  20201 -25803]
[     1    -43    710  -5562  20217 -25947]
[     1    -43    710  -5562  20233 -26091]
[     1    -43    710  -5562  20233 -26059]
[     1    -43    710  -5562  20249 -26235]
[     1    -43    710  -5554  20073 -25299]
[     1    -43    710  -5554  20089 -25443]
[     1    -43    710  -5546  19929 -24651]

Show that f 0  =  [ 1, -43, 710, -5618, 21257, -30675 ]
 is warranted

Certificate of warranty c:
c =  (-615702770          0          0    -180140     -22209      -2468)
Ac >= 0:  true
Ac =  (169817 90841 11865 11913 327433 248457 327481 248505 169529 327529 248553 169577 327577 248601 169625 90649 
    248649 169673 90697 90745 11769 485049 485097 485145 406169 485193 406217 485241 406265 327289 485289 406313 
    327337 485337 406361 327385 248409 485385 406409 327433 248457 327481 642761 642809 642857 563881 642905 563929 
    642953 563977 485001 643001 564025 485049 643049 564073 485097 406121 643097 564121 485145 643145 564169 800521 
    800569 800617 721641 800665 721689 800713 721737 642761 800761 721785 642809 800809 721833 800857 958233 958281 
    958329 879353 958377 879401 958425 879449 800473 958473 879497 958521 1115993 1116041 1116089 1037113 1116137 
    1037161 1116185 1273705 1273753 1273801 1194825 1273849 1431465 1431513 1589177)
<g,c> < 0:  true
<g,c> =  -368151

Show that f 1  =  [ 1, -43, 710, -5610, 21145, -30283 ]
 is warranted

Certificate of warranty c:
c =  (-3736443160           0           0    -1027960     -114217      -12691)
Ac >= 0:  true
Ac =  (1240080 833968 427856 427888 21776 1239816 833704 1239848 833736 427624 1239880 833768 427656 1239912 833800 
    427688 21576 833832 427720 21608 21640 1239552 1239584 1239616 833504 1239648 833536 1239680 833568 427456 
    1239712 833600 427488 1239744 833632 427520 21408 1239776 833664 427552 21440 427584 1239352 1239384 1239416 
    833304 1239448 833336 1239480 833368 427256 1239512 833400 427288 1239544 833432 427320 21208 1239576 833464 
    427352 1239608 833496 1239184 1239216 1239248 833136 1239280 833168 1239312 833200 427088 1239344 833232 427120 
    1239376 833264 1239408 1238984 1239016 1239048 832936 1239080 832968 1239112 833000 426888 1239144 833032 1239176
    1238816 1238848 1238880 832768 1238912 832800 1238944 1238616 1238648 1238680 832568 1238712 1238448 1238480 
    1238248)
<g,c> < 0:  true
<g,c> =  -1779424
--- checking for compatibility of f0 and f1 ---
polys are not Seidel-compatible

Checking polynomial:
[
    <x - 11, 3>,
    <x - 9, 10>,
    <x - 7, 1>,
    <x + 5, 32>,
    <x^3 - 30*x^2 + 285*x - 852, 1>
]
Computing its interlacing char polys...
Time taken to compute interlacing char polys: 7.490 seconds

Matrix A corresponding to interlacing polynomials:
[      1     -52    1097  -12008   71835 -222212  276731]
[      1     -52    1097  -12008   71835 -222212  276795]
[      1     -52    1097  -12008   71835 -222180  276507]
[      1     -52    1097  -12008   71851 -222500  277963]
[      1     -52    1097  -12008   71851 -222468  277739]
[      1     -52    1097  -12008   71867 -222756  278971]
[      1     -52    1097  -12000   71603 -220076  270467]
[      1     -52    1097  -12000   71603 -220076  270531]
[      1     -52    1097  -12000   71603 -220044  270179]
[      1     -52    1097  -12000   71603 -220044  270243]
[      1     -52    1097  -12000   71603 -220012  269955]
[      1     -52    1097  -12000   71619 -220364  271763]
[      1     -52    1097  -12000   71619 -220332  271475]
[      1     -52    1097  -12000   71619 -220332  271539]
[      1     -52    1097  -12000   71619 -220300  271187]
[      1     -52    1097  -12000   71619 -220300  271251]
[      1     -52    1097  -12000   71619 -220268  270963]
[      1     -52    1097  -12000   71635 -220588  272419]
[      1     -52    1097  -12000   71635 -220588  272483]
[      1     -52    1097  -12000   71635 -220588  272547]
[      1     -52    1097  -12000   71635 -220556  272195]
[      1     -52    1097  -12000   71651 -220876  273715]
[      1     -52    1097  -12000   71651 -220844  273427]
[      1     -52    1097  -12000   71667 -221132  274659]
[      1     -52    1097  -11992   71355 -217588  262395]
[      1     -52    1097  -11992   71371 -217908  263979]
[      1     -52    1097  -11992   71371 -217876  263691]
[      1     -52    1097  -11992   71371 -217844  263403]
[      1     -52    1097  -11992   71387 -218196  265275]
[      1     -52    1097  -11992   71387 -218164  264987]
[      1     -52    1097  -11992   71387 -218132  264635]
[      1     -52    1097  -11992   71387 -218132  264699]
[      1     -52    1097  -11992   71387 -218100  264411]
[      1     -52    1097  -11992   71403 -218452  266283]
[      1     -52    1097  -11992   71403 -218420  265931]
[      1     -52    1097  -11992   71403 -218420  265995]
[      1     -52    1097  -11992   71403 -218388  265643]
[      1     -52    1097  -11992   71403 -218388  265707]
[      1     -52    1097  -11992   71403 -218356  265419]
[      1     -52    1097  -11992   71419 -218708  267227]
[      1     -52    1097  -11992   71419 -218708  267291]
[      1     -52    1097  -11992   71419 -218676  266939]
[      1     -52    1097  -11992   71419 -218676  267003]
[      1     -52    1097  -11992   71419 -218644  266651]
[      1     -52    1097  -11992   71435 -218964  268171]
[      1     -52    1097  -11992   71435 -218964  268235]
[      1     -52    1097  -11992   71435 -218932  267883]
[      1     -52    1097  -11984   71139 -215676  256851]
[      1     -52    1097  -11984   71155 -215964  258147]
[      1     -52    1097  -11984   71155 -215932  257859]
[      1     -52    1097  -11984   71171 -216252  259443]
[      1     -52    1097  -11984   71171 -216220  259155]
[      1     -52    1097  -11984   71171 -216188  258867]
[      1     -52    1097  -11984   71187 -216572  261027]
[      1     -52    1097  -11984   71187 -216540  260739]
[      1     -52    1097  -11984   71187 -216508  260387]
[      1     -52    1097  -11984   71187 -216508  260451]
[      1     -52    1097  -11984   71187 -216476  260099]
[      1     -52    1097  -11984   71187 -216476  260163]
[      1     -52    1097  -11984   71187 -216444  259875]
[      1     -52    1097  -11984   71203 -216828  262035]
[      1     -52    1097  -11984   71203 -216796  261683]
[      1     -52    1097  -11984   71203 -216796  261747]
[      1     -52    1097  -11984   71203 -216764  261395]
[      1     -52    1097  -11984   71203 -216764  261459]
[      1     -52    1097  -11984   71203 -216732  261107]
[      1     -52    1097  -11984   71219 -217084  262979]
[      1     -52    1097  -11984   71219 -217052  262691]
[      1     -52    1097  -11984   71219 -217020  262339]
[      1     -52    1097  -11984   71235 -217340  263923]
[      1     -52    1097  -11976   70939 -214020  252315]
[      1     -52    1097  -11976   70955 -214340  253899]
[      1     -52    1097  -11976   70955 -214308  253611]
[      1     -52    1097  -11976   70955 -214276  253323]
[      1     -52    1097  -11976   70971 -214628  255195]
[      1     -52    1097  -11976   70971 -214596  254907]
[      1     -52    1097  -11976   70971 -214564  254555]
[      1     -52    1097  -11976   70971 -214564  254619]
[      1     -52    1097  -11976   70971 -214532  254331]
[      1     -52    1097  -11976   70987 -214916  256491]
[      1     -52    1097  -11976   70987 -214884  256203]
[      1     -52    1097  -11976   70987 -214852  255851]
[      1     -52    1097  -11976   70987 -214852  255915]
[      1     -52    1097  -11976   70987 -214820  255563]
[      1     -52    1097  -11976   71003 -215172  257435]
[      1     -52    1097  -11976   71003 -215172  257499]
[      1     -52    1097  -11976   71003 -215140  257147]
[      1     -52    1097  -11968   70739 -212396  248067]
[      1     -52    1097  -11968   70739 -212364  247779]
[      1     -52    1097  -11968   70755 -212684  249363]
[      1     -52    1097  -11968   70755 -212652  249075]
[      1     -52    1097  -11968   70755 -212620  248787]
[      1     -52    1097  -11968   70771 -213004  250947]
[      1     -52    1097  -11968   70771 -212972  250659]
[      1     -52    1097  -11968   70771 -212940  250371]
[      1     -52    1097  -11968   70771 -212908  250019]
[      1     -52    1097  -11968   70787 -213292  252243]
[      1     -52    1097  -11968   70787 -213260  251955]
[      1     -52    1097  -11968   70787 -213228  251603]
[      1     -52    1097  -11960   70523 -210452  242235]
[      1     -52    1097  -11960   70539 -210740  243531]
[      1     -52    1097  -11960   70539 -210708  243243]
[      1     -52    1097  -11960   70555 -211060  245115]
[      1     -52    1097  -11960   70555 -211028  244827]
[      1     -52    1097  -11960   70555 -210996  244475]
[      1     -52    1097  -11960   70571 -211348  246411]
[      1     -52    1097  -11960   70587 -211668  247995]
[      1     -52    1097  -11952   70323 -208828  237987]
[      1     -52    1097  -11952   70323 -208796  237699]
[      1     -52    1097  -11952   70339 -209116  239283]
[      1     -52    1097  -11944   70107 -206884  232155]

Show that f 0  =  [ 1, -52, 1097, -12008, 71851, -222500, 277963 ]
 is warranted

Certificate of warranty c:
c =  (1614272396498             0             0     236406108      23278501       2290900        221701)
Ac >= 0:  true
Ac =  (5039600 19228464 28687376 14499824 312272 303568 14492432 9762480 23951344 33410256 304880 9763792 23952656 
    19222704 33411568 42870480 5035152 19224016 33412880 28682928 5036464 14495376 307824 28672912 19215312 28674224 
    38133136 19216624 28675536 23945584 38134448 47593360 28676848 23946896 38135760 33405808 47594672 57053584 
    23948208 38137072 33407120 47595984 42866032 19219568 33408432 28678480 42856016 42857328 52316240 42858640 
    52317552 61776464 33401040 42859952 38130000 52318864 47588912 61777776 71236688 42861264 38131312 52320176 
    47590224 61779088 57049136 38132624 47591536 42861584 33403984 66499344 57041744 66500656 75959568 57043056 
    66501968 61772016 75960880 85419792 57044368 66503280 61773328 75962192 71232240 52315728 66504592 61774640 
    80683760 90142672 80685072 90143984 99602896 71227472 80686384 90145296 85415344 71228784 80687696 75957744 
    104325776 104327088 113786000 94869488 104328400 99598448 94870800 85413200 118510192 127969104 118511504 
    142152208)
<g,c> < 0:  true
<g,c> =  -13353808

Show that f 1  =  [ 1, -52, 1097, -12000, 71603, -220076, 270467 ]
 is warranted

Certificate of warranty c:
c =  (693739600051            0            0    103053553     10456851      1071550       110851)
Ac >= 0:  true
Ac =  (5066693 12161157 14525669 338341 9797317 5068965 5060285 330333 7424797 9789309 331933 2696445 9790909 5060957
    12155421 14519933 332605 7427069 14521533 9791581 2698717 5063229 334877 322325 323925 2688437 5052949 2690037 
    5054549 324597 7419061 9783573 7420661 2690709 9785173 5055221 12149685 14514197 5056821 12151285 7421333 
    14515797 9785845 2692981 9787445 5057493 316589 2682701 5047213 5048813 7413325 9777837 5050413 7414925 2684973 
    9779437 5049485 12143949 14508461 9781037 5051085 12145549 7415597 14510061 9780109 7417197 9781709 5051757 
    5053357 5041477 5043077 7407589 9772101 7409189 9773701 5043749 12138213 14502725 9775301 12139813 7409861 
    14504325 9774373 7411461 14505925 9775973 7401853 9766365 9767965 12132477 14496989 9769565 12134077 14498589 
    9768637 12135677 14500189 9770237 9760629 12126741 14491253 12128341 14492853 9762901 14494453 14496053 12121005 
    14485517 14487117 14479781)
<g,c> < 0:  true
<g,c> =  -12028051
--- checking for compatibility of f0 and f1 ---
polys are not Seidel-compatible

Checking polynomial:
[
    <x - 13, 1>,
    <x - 11, 2>,
    <x - 9, 11>,
    <x + 5, 32>,
    <x^3 - 26*x^2 + 213*x - 556, 1>
]
Computing its interlacing char polys...
Time taken to compute interlacing char polys: 12.860 seconds

Matrix A corresponding to interlacing polynomials:
[      1     -54    1183  -13420   82903 -263678  336297]
[      1     -54    1183  -13412   82655 -261254  329121]
[      1     -54    1183  -13412   82655 -261222  328705]
[      1     -54    1183  -13412   82655 -261190  328289]
[      1     -54    1183  -13412   82671 -261542  330161]
[      1     -54    1183  -13412   82671 -261510  329745]
[      1     -54    1183  -13412   82671 -261510  329809]
[      1     -54    1183  -13412   82687 -261862  331617]
[      1     -54    1183  -13412   82687 -261830  331265]
[      1     -54    1183  -13404   82375 -258030  316953]
[      1     -54    1183  -13404   82391 -258382  318825]
[      1     -54    1183  -13404   82391 -258350  318409]
[      1     -54    1183  -13404   82407 -258734  320697]
[      1     -54    1183  -13404   82407 -258702  320281]
[      1     -54    1183  -13404   82407 -258670  319865]
[      1     -54    1183  -13404   82407 -258670  319929]
[      1     -54    1183  -13404   82423 -259086  322569]
[      1     -54    1183  -13404   82423 -259054  322153]
[      1     -54    1183  -13404   82423 -259054  322217]
[      1     -54    1183  -13404   82423 -259022  321737]
[      1     -54    1183  -13404   82423 -259022  321801]
[      1     -54    1183  -13404   82423 -258990  321385]
[      1     -54    1183  -13404   82439 -259406  324025]
[      1     -54    1183  -13404   82439 -259406  324089]
[      1     -54    1183  -13404   82439 -259374  323609]
[      1     -54    1183  -13404   82439 -259374  323673]
[      1     -54    1183  -13404   82439 -259342  323257]
[      1     -54    1183  -13404   82439 -259342  323321]
[      1     -54    1183  -13404   82439 -259310  322905]
[      1     -54    1183  -13404   82455 -259694  325193]
[      1     -54    1183  -13396   82127 -255510  308529]
[      1     -54    1183  -13396   82143 -255862  310401]
[      1     -54    1183  -13396   82143 -255830  310049]
[      1     -54    1183  -13396   82159 -256214  312273]
[      1     -54    1183  -13396   82159 -256182  311857]
[      1     -54    1183  -13396   82159 -256182  311921]
[      1     -54    1183  -13396   82159 -256150  311505]
[      1     -54    1183  -13396   82175 -256566  314145]
[      1     -54    1183  -13396   82175 -256534  313729]
[      1     -54    1183  -13396   82175 -256534  313793]
[      1     -54    1183  -13396   82175 -256534  313857]
[      1     -54    1183  -13396   82175 -256502  313313]
[      1     -54    1183  -13396   82175 -256502  313377]
[      1     -54    1183  -13396   82175 -256502  313441]
[      1     -54    1183  -13396   82175 -256470  313025]
[      1     -54    1183  -13396   82191 -256918  316017]
[      1     -54    1183  -13396   82191 -256886  315601]
[      1     -54    1183  -13396   82191 -256886  315665]
[      1     -54    1183  -13396   82191 -256886  315729]
[      1     -54    1183  -13396   82191 -256854  315249]
[      1     -54    1183  -13396   82191 -256854  315313]
[      1     -54    1183  -13396   82191 -256822  314897]
[      1     -54    1183  -13396   82207 -257270  317889]
[      1     -54    1183  -13396   82207 -257238  317537]
[      1     -54    1183  -13396   82207 -257238  317601]
[      1     -54    1183  -13396   82207 -257206  317185]
[      1     -54    1183  -13396   82207 -257174  316833]
[      1     -54    1183  -13396   82223 -257558  319121]
[      1     -54    1183  -13388   81895 -253342  301977]
[      1     -54    1183  -13388   81911 -253694  303849]
[      1     -54    1183  -13388   81911 -253662  303433]
[      1     -54    1183  -13388   81911 -253662  303497]
[      1     -54    1183  -13388   81911 -253662  303561]
[      1     -54    1183  -13388   81927 -254046  305721]
[      1     -54    1183  -13388   81927 -254014  305305]
[      1     -54    1183  -13388   81927 -254014  305369]
[      1     -54    1183  -13388   81927 -254014  305433]
[      1     -54    1183  -13388   81927 -253982  304953]
[      1     -54    1183  -13388   81927 -253982  305017]
[      1     -54    1183  -13388   81943 -254398  307593]
[      1     -54    1183  -13388   81943 -254366  307241]
[      1     -54    1183  -13388   81943 -254366  307305]
[      1     -54    1183  -13388   81943 -254334  306889]
[      1     -54    1183  -13388   81943 -254334  306953]
[      1     -54    1183  -13388   81943 -254302  306537]
[      1     -54    1183  -13388   81959 -254718  309177]
[      1     -54    1183  -13388   81959 -254686  308825]
[      1     -54    1183  -13380   81663 -251174  295425]
[      1     -54    1183  -13380   81663 -251142  295073]
[      1     -54    1183  -13380   81663 -251142  295137]
[      1     -54    1183  -13380   81679 -251526  297297]
[      1     -54    1183  -13380   81679 -251494  296945]
[      1     -54    1183  -13380   81679 -251494  297009]
[      1     -54    1183  -13380   81679 -251462  296593]
[      1     -54    1183  -13380   81679 -251462  296657]
[      1     -54    1183  -13380   81695 -251846  298881]
[      1     -54    1183  -13380   81695 -251814  298529]
[      1     -54    1183  -13380   81695 -251782  298177]
[      1     -54    1183  -13380   81711 -252166  300465]
[      1     -54    1183  -13372   81415 -248654  287001]
[      1     -54    1183  -13372   81431 -248974  288585]
[      1     -54    1183  -13372   81431 -248942  288233]
[      1     -54    1183  -13372   81431 -248942  288297]
[      1     -54    1183  -13372   81447 -249294  290169]

Show that f 0  =  [ 1, -54, 1183, -13420, 82903, -263678, 336297 ]
 is warranted

Certificate of warranty c:
c =  (    0     0     0     0 28753 11854  2194)
Ac >= 0:  true
Ac =  (1765773 1232397 699021 1093629 560253 700669 954861 561901 5235637 5630245 5096869 6024853 5491477 4958101 
    5098517 6419461 5886085 6026501 5352709 5493125 4959749 6280693 6421109 5747317 5887733 5354357 5494773 4961397 
    5889381 9494717 9889325 9496365 10283933 9750557 9890973 9357597 10678541 10145165 10285581 10425997 9611789 
    9752205 9892621 9359245 11073149 10539773 10680189 10820605 10146813 10287229 9753853 11467757 11074797 11215213 
    10681837 10288877 11216861 14148405 14543013 14009637 14150053 14290469 14937621 14404245 14544661 14685077 
    14011285 14151701 15332229 14939269 15079685 14546309 14686725 14153349 15474293 15081333 18802093 18409133 
    18549549 19196701 18803741 18944157 18410781 18551197 19338765 18945805 18552845 19480829 23061173 23203237 
    22810277 22950693 23345301)
<g,c> < 0:  true
<g,c> =  -6299899

Show that f 1  =  [ 1, -54, 1183, -13412, 82687, -261830, 331265 ]
 is warranted

Certificate of warranty c:
c =  (      0       0       0 4052423 1116206  173878   22882)
Ac >= 0:  true
Ac =  (654028 13533364 9578548 5623732 5113076 1158260 2622708 647604 15569564 15058908 11104092 14548252 10593436 
    6638620 8103068 14037596 10082780 11547228 6127964 7592412 3637596 9572124 11036572 5617308 7081756 3126940 
    4591388 636572 4080732 16584452 16073796 13583428 15563140 11608324 13072772 9117956 15052484 11097668 12562116 
    14026564 7142852 8607300 10071748 6116932 14541828 10587012 12051460 13515908 8096644 9561092 5606276 14031172 
    11540804 13005252 9050436 6560068 10004228 17088684 16578028 12623212 14087660 15552108 16067372 12112556 
    13577004 15041452 9622188 11086636 15556716 13066348 14530796 10575980 12040428 8085612 14020140 11529772 
    17592916 15102548 16566996 17082260 14591892 16056340 12101524 13565972 15545684 13055316 10564948 14009108 
    18607804 17071228 14580860 16045308 15534652)
<g,c> < 0:  true
<g,c> =  -2116964
--- checking for compatibility of f0 and f1 ---
polys are not Seidel-compatible

Checking polynomial:
[
    <x - 13, 1>,
    <x - 12, 1>,
    <x - 11, 2>,
    <x - 9, 12>,
    <x - 5, 1>,
    <x + 5, 32>
]
Computing its interlacing char polys...
Time taken to compute interlacing char polys: 1.660 seconds

Matrix A corresponding to interlacing polynomials:
[     1    -45    778  -6402  24837 -36257]
[     1    -45    778  -6402  24853 -36465]
[     1    -45    778  -6394  24645 -35113]
[     1    -45    778  -6394  24661 -35321]
[     1    -45    778  -6394  24677 -35497]
[     1    -45    778  -6386  24437 -33761]
[     1    -45    778  -6386  24453 -33969]
[     1    -45    778  -6386  24469 -34177]
[     1    -45    778  -6386  24469 -34145]
[     1    -45    778  -6386  24485 -34353]
[     1    -45    778  -6386  24501 -34529]
[     1    -45    778  -6378  24245 -32617]
[     1    -45    778  -6378  24261 -32825]
[     1    -45    778  -6378  24277 -33033]
[     1    -45    778  -6378  24277 -33001]
[     1    -45    778  -6378  24293 -33209]
[     1    -45    778  -6378  24309 -33385]
[     1    -45    778  -6370  24053 -31473]
[     1    -45    778  -6370  24069 -31681]
[     1    -45    778  -6370  24069 -31649]
[     1    -45    778  -6370  24085 -31889]
[     1    -45    778  -6370  24085 -31857]
[     1    -45    778  -6370  24101 -32065]
[     1    -45    778  -6370  24101 -32033]
[     1    -45    778  -6370  24117 -32241]
[     1    -45    778  -6370  24133 -32417]
[     1    -45    778  -6362  23877 -30537]
[     1    -45    778  -6362  23893 -30745]
[     1    -45    778  -6362  23893 -30713]
[     1    -45    778  -6362  23909 -30921]
[     1    -45    778  -6362  23909 -30889]
[     1    -45    778  -6362  23925 -31097]
[     1    -45    778  -6362  23941 -31273]
[     1    -45    778  -6354  23701 -29601]
[     1    -45    778  -6354  23717 -29777]
[     1    -45    778  -6354  23717 -29745]
[     1    -45    778  -6354  23733 -29953]
[     1    -45    778  -6354  23733 -29921]
[     1    -45    778  -6354  23749 -30129]
[     1    -45    778  -6354  23765 -30305]
[     1    -45    778  -6346  23541 -28809]
[     1    -45    778  -6346  23557 -28985]
[     1    -45    778  -6346  23573 -29161]
[     1    -45    778  -6338  23381 -28017]
[     1    -45    778  -6338  23397 -28193]

Show that f 0  =  [ 1, -45, 778, -6402, 24837, -36257 ]
 is warranted

Certificate of warranty c:
c =  (-5637966054           0           0    -1233304     -103494       -8625)
Ac >= 0:  true
Ac =  (20397 19717 157813 19909 19037 157133 295229 19229 157325 19421 156453 294549 432645 156645 294741 156837 
    293869 431965 155965 570061 294061 432157 156157 294253 156349 569381 707477 431477 569573 293573 431669 293765 
    844893 706989 430989 569085 293085 431181 293277 706501 568597 430693 568109 430205)
<g,c> < 0:  true
<g,c> =  -2332419

Show that f 1  =  [ 1, -45, 778, -6386, 24501, -34529 ]
 is warranted

Certificate of warranty c:
c =  (-27025283304            0            0     -5833300      -470427       -37635)
Ac >= 0:  true
Ac =  (40092 341340 641236 942484 39412 941132 1242380 1543628 339308 640556 1542276 1843524 2144772 940452 1241700 
    338628 2143420 2444668 1240348 2745916 1541596 1842844 638524 939772 36700 3045812 3347060 2142740 2443988 
    1239668 1540916 637844 3948204 3045132 1840812 2142060 937740 1238988 335916 2743204 1840132 937060 1538204 
    635132)
<g,c> < 0:  true
<g,c> =  -1373700
--- checking for compatibility of f0 and f1 ---
Fast check is inconclusive....
Checking compatibility with respect to x - 5
...
not compatible
polys are not Seidel-compatible

